x: 0.005547881492634214
y: 0.0030983929630164398
yaw: -0.6881817456842166
